55781   0.99971   0.01717   0.00348 153.12172 309.36322 213.55855  99.99999 PLA Earth
55781   0.38710   0.20563   7.00434  48.31608  29.15510 231.97322  99.99999 PLA Mercury
55781   0.72333   0.00673   3.39463  76.64584  54.95253 357.80702  99.99999 PLA Venus
55781   1.52368   0.09347   1.84884  49.52488 286.59111  79.38758  99.99999 PLA Mars
55781   5.20354   0.04901   1.30377 100.52107 274.10106  11.77031  99.99999 PLA Jupiter
55781   9.52123   0.05484   2.48798 113.68476 336.85840 101.23513  99.99999 PLA Saturn
55781  19.26664   0.04349   0.77234  73.93481  95.21718 193.86097  99.99999 PLA Uranus
55781  30.17009   0.01136   1.77446 131.83216 259.61534 298.96707  99.99999 PLA Neptune

56939,0.3871,0.2056,7.0041,48.3126,29.1672,290.8947,Mercury
56939,0.7233,0.0068,3.3945,76.6403,54.5512,53.4809,Venus
56939,0.9991,0.0166,0.0008,64.5686,41.6089,271.1496,Earth
56939,1.5237,0.0935,1.8484,49.5141,286.5590,326.2714,Mars
56939,5.2016,0.0490,1.3040,100.5198,273.6973,108.3747,Jupiter
56939,9.5424,0.0547,2.4885,113.5502,339.4931,137.3806,Saturn
56939,19.1727,0.0486,0.7733,73.8236,96.1711,206.6872,Uranus
56939,29.9769,0.0088,1.7762,131.8775,293.6215,271.7389,Neptune

